[1,23,"Physics",409178209044823,0,null,[[7,[1]],[4,4],[0,[2]],[0,[3]]]]
[1,29,"Physics",441575487316895,0,null,[[0,[6,[0,1,"Physics",30,false]]],[0,[4]],[7,[4]]]]
[0,1,"Physics",30,false]
[1,37,"Physics",284537715889920,0,null,[[0,[12,[2,1,false,2]]]]]
[1,43,"Physics",803390203493892,0,null,[[0,[3]],[0,[7,[1,1,32,false]]],[0,[7,[1,1,36,false]]],[7,[4]]]]
[104,48,"Physics",860647131988832,0,null,[[3,1]]]
[104,49,"Physics",748969112445451,0,null,[[0,[22]],[0,[4]]]]
[73,50,"Physics",162684030326862,0,null,[[4,104],[3,0]]]
[104,52,"Physics",189578024262261,0,null,[[0,[25,[1,104,53,false],[1,70,45,false],[4,34]]],[0,[26,[1,104,54,false],[1,70,45,false],[4,34]]]]]
[1,43,"Physics",655330686867590,0,null,[[0,[29]],[0,[7,[1,1,32,false]]],[0,[7,[1,1,36,false]]],[7,[4]]]]
[1,52,"Physics",310998775689231,0,null,[[0,[4]],[0,[4]]]]
[1,37,"Physics",387692832752883,0,null,[[0,[4]]]]
[104,48,"Physics",506458898654824,0,null,[[3,0]]]
[104,48,"Physics",216582909048591,0,null,[[3,0]]]
[35,23,"Physics",357766487986785,0,null,[[7,[1]],[4,34],[0,[2]],[0,[3]]]]
[35,29,"Physics",320702731480206,0,null,[[0,[6,[0,35,"Physics",30,false]]],[0,[4]],[7,[4]]]]
[0,35,"Physics",30,false]
[35,37,"Physics",818278922332092,0,null,[[0,[12,[2,35,false,2]]]]]
[35,43,"Physics",133223615908546,0,null,[[0,[3]],[0,[7,[1,35,32,false]]],[0,[7,[1,35,36,false]]],[7,[4]]]]
[104,48,"Physics",966338701045987,0,null,[[3,1]]]
[104,49,"Physics",991775107574732,0,null,[[0,[22]],[0,[4]]]]
[73,50,"Physics",738653719466911,0,null,[[4,104],[3,0]]]
[104,52,"Physics",337627941203402,0,null,[[0,[25,[1,104,53,false],[1,77,45,false],[4,34]]],[0,[26,[1,104,54,false],[1,77,45,false],[4,34]]]]]
[35,43,"Physics",506139320970948,0,null,[[0,[29]],[0,[7,[1,35,32,false]]],[0,[7,[1,35,36,false]]],[7,[4]]]]
[35,52,"Physics",287494865638416,0,null,[[0,[4]],[0,[4]]]]
[35,37,"Physics",973233553548550,0,null,[[0,[4]]]]
[104,48,"Physics",822221422169706,0,null,[[3,0]]]
[104,48,"Physics",772749574680982,0,null,[[3,0]]]
[30,23,"Physics",915576772409089,0,null,[[7,[1]],[4,29],[0,[2]],[0,[3]]]]
[30,29,"Physics",974052011620780,0,null,[[0,[6,[0,30,"Physics",30,false]]],[0,[4]],[7,[4]]]]
[0,30,"Physics",30,false]
[30,37,"Physics",472016454659848,0,null,[[0,[12,[2,30,false,2]]]]]
[30,43,"Physics",196364127719535,0,null,[[0,[3]],[0,[7,[1,30,32,false]]],[0,[7,[1,30,36,false]]],[7,[4]]]]
[104,48,"Physics",148795715372760,0,null,[[3,1]]]
[104,49,"Physics",183301059335320,0,null,[[0,[22]],[0,[4]]]]
[71,50,"Physics",285226175639733,0,null,[[4,104],[3,0]]]
[104,52,"Physics",112830425970485,0,null,[[0,[49,[1,104,53,false],[4,63],[1,78,45,false],[4,34]]],[0,[50,[1,104,54,false],[4,63],[1,78,45,false],[4,34]]]]]
[30,43,"Physics",235745116468038,0,null,[[0,[29]],[0,[7,[1,30,32,false]]],[0,[7,[1,30,36,false]]],[7,[4]]]]
[30,52,"Physics",567435188932319,0,null,[[0,[4]],[0,[4]]]]
[30,37,"Physics",872530368881234,0,null,[[0,[4]]]]
[104,48,"Physics",525565664840656,0,null,[[3,0]]]
[104,48,"Physics",127368410224155,0,null,[[3,0]]]
[38,23,"Physics",709089572764602,0,null,[[7,[1]],[4,37],[0,[2]],[0,[3]]]]
[38,29,"Physics",672687322431948,0,null,[[0,[6,[0,38,"Physics",30,false]]],[0,[4]],[7,[4]]]]
[0,38,"Physics",30,false]
[38,37,"Physics",660318923846065,0,null,[[0,[12,[2,38,false,2]]]]]
[38,43,"Physics",744089997877353,0,null,[[0,[3]],[0,[7,[1,38,32,false]]],[0,[7,[1,38,36,false]]],[7,[4]]]]
[104,48,"Physics",412223636349202,0,null,[[3,1]]]
[104,49,"Physics",571894877470736,0,null,[[0,[22]],[0,[4]]]]
[71,50,"Physics",785707783074877,0,null,[[4,104],[3,0]]]
[104,52,"Physics",485824506502020,0,null,[[0,[49,[1,104,53,false],[4,63],[1,79,45,false],[4,34]]],[0,[50,[1,104,54,false],[4,63],[1,79,45,false],[4,34]]]]]
[38,43,"Physics",428493617417385,0,null,[[0,[29]],[0,[7,[1,38,32,false]]],[0,[7,[1,38,36,false]]],[7,[4]]]]
[38,52,"Physics",859656404092811,0,null,[[0,[4]],[0,[4]]]]
[38,37,"Physics",766593886683293,0,null,[[0,[4]]]]
[104,48,"Physics",437923124741685,0,null,[[3,0]]]
[104,48,"Physics",762986344062711,0,null,[[3,0]]]
[104,65,"Physics",819823983412470,0,null,[[3,1]]]
[71,50,"Physics",879836956180413,0,null,[[4,100],[3,0]]]
[73,50,"Physics",170308509430797,0,null,[[4,100],[3,0]]]
[94,50,"Physics",920607546042681,0,null,[[4,100],[3,0]]]
[104,37,"Physics",445610481055705,0,null,[[0,[58,[0,104,"Physics",30,false]]]]]
[0,104,"Physics",30,false]
[104,52,"Physics",274663613483719,0,null,[[0,[59,[0,104,"Physics",30,false]]],[0,[59,[0,104,"Physics",68,false]]]]]
[0,104,"Physics",30,false]
[0,104,"Physics",68,false]
[0,104,"Physics",30,false]
[71,50,"Physics",823327589754912,0,null,[[4,104],[3,1]]]
[73,50,"Physics",469453256163084,0,null,[[4,104],[3,1]]]
[1,52,"Physics",749691576179614,0,null,[[0,[72,[0,1,"Physics",30,false],[3,"velX"],[3,"velX"]]],[0,[73,[0,1,"Physics",68,false]]]]]
[0,1,"Physics",30,false]
[0,1,"Physics",68,false]
[1,37,"Physics",757988408341402,0,null,[[0,[72,[0,1,"Physics",83,false],[3,"velAng"],[3,"velAng"]]]]]
[0,1,"Physics",83,false]
[30,52,"Physics",588006708744000,0,null,[[0,[72,[0,30,"Physics",30,false],[3,"velX"],[3,"velX"]]],[0,[73,[0,30,"Physics",68,false]]]]]
[0,30,"Physics",30,false]
[0,30,"Physics",68,false]
[30,37,"Physics",361498413256843,0,null,[[0,[72,[0,30,"Physics",83,false],[3,"velAng"],[3,"velAng"]]]]]
[0,30,"Physics",83,false]
[35,52,"Physics",788065960933346,0,null,[[0,[72,[0,35,"Physics",30,false],[3,"velX"],[3,"velX"]]],[0,[73,[0,35,"Physics",68,false]]]]]
[0,35,"Physics",30,false]
[0,35,"Physics",68,false]
[35,37,"Physics",227618663280438,0,null,[[0,[72,[0,35,"Physics",83,false],[3,"velAng"],[3,"velAng"]]]]]
[0,35,"Physics",83,false]
[38,52,"Physics",621443015591542,0,null,[[0,[72,[0,38,"Physics",30,false],[3,"velX"],[3,"velX"]]],[0,[73,[0,38,"Physics",68,false]]]]]
[0,38,"Physics",30,false]
[0,38,"Physics",68,false]
[38,37,"Physics",566129870658906,0,null,[[0,[72,[0,38,"Physics",83,false],[3,"velAng"],[3,"velAng"]]]]]
[0,38,"Physics",83,false]
[0,1,"Physics",83,false]
[0,30,"Physics",30,false]
[0,30,"Physics",83,false]
[0,1,"Physics",30,false]
[1,52,"Physics",708586049088608,0,null,[[0,[77,[0,1,"Physics",30,false]]],[0,[77,[0,1,"Physics",68,false]]]]]
[0,1,"Physics",30,false]
[0,1,"Physics",68,false]
[30,52,"Physics",228023395905618,0,null,[[0,[77,[0,30,"Physics",30,false]]],[0,[77,[0,30,"Physics",68,false]]]]]
[0,30,"Physics",30,false]
[0,30,"Physics",68,false]
[0,1,"Physics",83,false]
[0,35,"Physics",30,false]
[0,35,"Physics",83,false]
[0,1,"Physics",30,false]
[1,52,"Physics",251375527364492,0,null,[[0,[77,[0,1,"Physics",30,false]]],[0,[77,[0,1,"Physics",68,false]]]]]
[0,1,"Physics",30,false]
[0,1,"Physics",68,false]
[35,52,"Physics",117116141210400,0,null,[[0,[77,[0,35,"Physics",30,false]]],[0,[77,[0,35,"Physics",68,false]]]]]
[0,35,"Physics",30,false]
[0,35,"Physics",68,false]
[0,1,"Physics",83,false]
[0,38,"Physics",30,false]
[0,38,"Physics",83,false]
[0,1,"Physics",30,false]
[1,52,"Physics",724982096277108,0,null,[[0,[77,[0,1,"Physics",30,false]]],[0,[77,[0,1,"Physics",68,false]]]]]
[0,1,"Physics",30,false]
[0,1,"Physics",68,false]
[38,52,"Physics",769547343347752,0,null,[[0,[77,[0,38,"Physics",30,false]]],[0,[77,[0,38,"Physics",68,false]]]]]
[0,38,"Physics",30,false]
[0,38,"Physics",68,false]
[0,35,"Physics",83,false]
[0,30,"Physics",30,false]
[0,30,"Physics",83,false]
[0,35,"Physics",30,false]
[30,52,"Physics",360984386558787,0,null,[[0,[77,[0,30,"Physics",30,false]]],[0,[77,[0,30,"Physics",68,false]]]]]
[0,30,"Physics",30,false]
[0,30,"Physics",68,false]
[35,52,"Physics",102180975409218,0,null,[[0,[77,[0,35,"Physics",30,false]]],[0,[77,[0,35,"Physics",68,false]]]]]
[0,35,"Physics",30,false]
[0,35,"Physics",68,false]
[0,35,"Physics",83,false]
[0,38,"Physics",30,false]
[0,38,"Physics",83,false]
[0,35,"Physics",30,false]
[38,52,"Physics",453572884687045,0,null,[[0,[77,[0,38,"Physics",30,false]]],[0,[77,[0,38,"Physics",68,false]]]]]
[0,38,"Physics",30,false]
[0,38,"Physics",68,false]
[35,52,"Physics",589389602696581,0,null,[[0,[77,[0,35,"Physics",30,false]]],[0,[77,[0,35,"Physics",68,false]]]]]
[0,35,"Physics",30,false]
[0,35,"Physics",68,false]
[0,38,"Physics",83,false]
[0,30,"Physics",30,false]
[0,30,"Physics",83,false]
[0,38,"Physics",30,false]
[30,52,"Physics",621455381407302,0,null,[[0,[77,[0,30,"Physics",30,false]]],[0,[77,[0,30,"Physics",68,false]]]]]
[0,30,"Physics",30,false]
[0,30,"Physics",68,false]
[38,52,"Physics",926942943544434,0,null,[[0,[77,[0,38,"Physics",30,false]]],[0,[77,[0,38,"Physics",68,false]]]]]
[0,38,"Physics",30,false]
[0,38,"Physics",68,false]
[104,113,"Physics",0,false,false,false,953980091112315,null,[[3,1],[8,4],[0,[4]]]]
[0,160,"Physics",976133194744146,0,null,[[0,[4]]]]
[104,166,"Physics",733649625930674,0,null,[[0,[47]]]]
[104,65,"Physics",134375473853963,0,null,[[3,0]]]
[104,65,"Physics",271320600831843,0,null,[[3,0]]]