data.project[3][1][3][3][3]: 50
data.project[3][9][7][0][7][0][2]: 29
data.project[3][9][7][0][7][4][2]: 29
data.project[3][14][14]: 29
data.project[3][16][7][0][7][0][4]: 50
data.project[3][16][7][0][7][0][5]: 50
data.project[3][18][7][0][7][0][5]: 50
data.project[3][19][7][0][7][0][2]: 29
data.project[3][31][14]: 50
data.project[3][48][7][0][7][0][4]: 50
data.project[3][48][7][0][7][0][5]: 50
data.project[3][48][7][0][7][1][4]: 50
data.project[3][48][7][0][7][1][5]: 50
data.project[3][48][7][0][7][2][4]: 50
data.project[3][48][7][0][7][2][5]: 50
data.project[3][48][7][0][7][3][4]: 50
data.project[3][48][7][0][7][3][5]: 50
data.project[3][80][7][0][7][0][2]: 29
data.project[3][87][7][0][7][0][2]: 29
data.project[4][0][3]: 29
data.project[5][0][6][0][14][12][4][0][6]: 50
data.project[5][0][6][0][14][13][4][0][6]: 50
data.project[5][0][6][0][14][14][4][0][6]: 50
data.project[5][0][6][0][14][15][4][0][6]: 50
data.project[5][0][6][0][14][16][4][0][6]: 50
data.project[5][0][6][0][14][17][4][0][6]: 50
data.project[5][0][6][0][14][26][0][4]: 50
data.project[5][0][6][0][14][27][0][4]: 50
data.project[5][0][6][0][14][29][2]: 50
data.project[5][0][6][1][14][18][1]: 29
data.project[5][0][6][1][14][30][2]: 29
data.project[5][0][6][1][14][64][0][4]: 29
data.project[5][0][6][1][14][65][0][4]: 29
data.project[5][0][6][2][14][6][0][3]: 50
data.project[5][0][6][2][14][6][0][4]: 50
data.project[5][0][6][4][14][8][1]: 50
data.project[5][1][6][0][14][5][0][1]: 29
data.project[5][1][6][0][14][13][0][1]: 29
data.project[5][1][6][0][14][21][0][1]: 29
data.project[5][1][6][0][14][29][0][1]: 29
data.project[5][1][6][0][14][89][0][3]: 50
data.project[5][1][6][0][14][89][0][4]: 50
data.project[5][1][6][0][14][90][0][3]: 50
data.project[5][1][6][0][14][90][0][4]: 50
data.project[6][0][1][0][8][1][8][0][8][0][8][0][7][0][1]: 29
data.project[6][0][1][1][8][3][8][1][5]: 29
data.project[6][0][1][1][8][3][8][1][8][2][8][0][8][0][7][7][1]: 50
data.project[6][0][1][1][8][3][8][2][8][0][8][0][7][0][6][0][1][0]: 29
data.project[6][0][1][3][8][2][5]: 50
data.project[6][1][1][0][8][1][8][0][8][0][8][0][7][0][1]: 29
data.project[6][1][1][1][8][3][8][1][5]: 29
data.project[6][1][1][1][8][3][8][1][8][2][8][0][8][0][7][7][1]: 50
data.project[6][1][1][1][8][3][8][2][8][0][8][0][7][0][6][0][1][0]: 29
data.project[6][1][1][3][8][2][5]: 50
data.project[6][2][1][0][8][0][7][0][6][1][1]: 29
data.project[6][2][1][0][8][0][8][1][7][0][6][0][1]: 29
data.project[6][2][1][0][8][1][8][0][8][0][8][0][7][0][1]: 29
data.project[6][2][1][1][8][3][8][0][8][0][8][2][5]: 29
data.project[6][2][1][1][8][3][8][1][8][2][8][0][8][0][7][7][1]: 50
data.project[6][2][1][1][8][3][8][1][8][2][8][0][8][0][7][9][6][1][1][0]: 50
data.project[6][2][1][1][8][3][8][2][8][0][8][0][7][0][6][0][1][0]: 29
data.project[6][2][1][2][8][0][8][0][7][0][6][0][1]: 29
data.project[6][2][1][3][8][1][5]: 50
data.project[6][3][1][0][8][1][8][0][8][0][8][0][7][0][1]: 29
data.project[6][3][1][1][8][3][8][0][8][0][8][2][5]: 29
data.project[6][3][1][1][8][3][8][1][8][2][8][0][8][0][7][7][1]: 50
data.project[6][3][1][1][8][3][8][1][8][2][8][0][8][0][7][9][6][1][1][0]: 50
data.project[6][3][1][1][8][3][8][2][8][0][8][0][7][0][6][0][1][0]: 29
data.project[6][3][1][3][8][1][5]: 50
data.project[6][4][1][21][8][1][7][0][1]: 50
data.project[6][4][1][21][8][1][7][1][1]: 50
data.project[6][4][1][21][8][1][7][4][1]: 50
data.project[6][4][1][21][8][5][7][0][1]: 50
data.project[6][4][1][21][8][5][7][1][1]: 50
data.project[6][4][1][22][8][0][3]: 50
data.project[6][4][1][22][8][5][8][0][8][1][5]: 29
data.project[6][4][1][23][8][5][8][3][8][2][5]: 50
data.project[6][4][1][23][8][8][7][1][0]: 29
data.project[6][6][1][0][8][7][7][9][0]: 50
data.project[6][6][1][0][8][7][7][10][0]: 50
data.project[6][6][1][0][8][7][7][11][0]: 50
data.project[6][6][1][0][8][7][8][9][7][3][0]: 29
data.project[6][6][1][0][8][7][8][9][7][10][0]: 29
data.project[6][6][1][0][8][7][8][9][7][10][6][0][1][1][1]: 29
data.project[6][6][1][0][8][7][8][10][7][3][0]: 29
data.project[6][6][1][0][8][7][8][10][7][8][0]: 29
data.project[6][6][1][0][8][7][8][10][7][8][6][0][1][1][1]: 29
data.project[6][6][1][0][8][7][8][17][5]: 29
data.project[6][6][1][1][8][6][8][0][8][0][5]: 50